inital matrix A'A
    0.15691647    -0.00825068     0.01960158    -0.02174465     0.13944324
   -0.00825068     0.37077977     0.01067638     0.05382885     0.03606356
    0.01960158     0.01067638     0.26313514    -0.07130172     0.09679284
   -0.02174465     0.05382885    -0.07130172     0.24810372    -0.02212852
    0.13944324     0.03606356     0.09679284    -0.02212852     0.39595100
approximated number of iterations
         303
almost diagonal matrix A
   0.085729354   -0.000000005    0.000000000    0.000000000   -0.000000000
  -0.000000005    0.394837929   -0.000000016    0.000000000    0.000000000
   0.000000000   -0.000000016    0.172165991   -0.000000000    0.000000000
   0.000000000   -0.000000000   -0.000000000    0.268291574   -0.000000000
  -0.000000000    0.000000000    0.000000000   -0.000000000    0.513861253
transformation matrix U
   0.863470887   -0.068762412   -0.241794379    0.264634034    0.348129378
   0.050823918    0.899379898   -0.227335846   -0.337911388    0.150555755
   0.194404713   -0.143256107    0.643449887   -0.607508928    0.398233149
   0.123385128    0.406800129    0.689423430    0.560446858   -0.172871107
  -0.445889980    0.019464652   -0.022835715    0.364166093    0.817107606
 this is iteration          27
discrepancies
 4.7534E-09
 1.1886E-08
 1.4543E-08
 2.2802E-10
 4.6691E-12
